1219268823662931840   10.2701      0.0687      -0.0597      0.0229       0.0264    184        0.0350
1219251918671633408   11.5911     -0.0208      -0.0592      0.0106       0.0098    94        0.0145
1219250578641841152   11.9923     -0.0028      -0.0215      0.0190       0.0203    185        0.0278
1219262020434659456   12.4515      0.0058      -0.0508      0.0283       0.0283    185        0.0400
1219267861590264832   12.7308     -0.0096      -0.0596      0.0286       0.0309    181        0.0421
1219268136468174848   13.2418      0.1736      -0.0676      0.0447       0.0262    179        0.0519
1219263978939807232   13.1832      0.0129       0.0097      0.0259       0.0297    182        0.0394
1219261951715181696   13.3647      0.0272      -0.0426      0.0292       0.0296    183        0.0416
1219266727718891264   13.6722     -0.0352      -0.0620      0.0281       0.0269    184        0.0389
1219264872293010944   13.5957      0.0548      -0.0771      0.0270       0.0276    183        0.0386
1219268136468174720   14.6607     -0.3626       0.0841      0.0784       0.0453    164        0.0905
1219271916039382016   14.6149      0.0245       0.0125      0.0186       0.0196    126        0.0270
1219265525128040704   14.9181     -0.0447       0.0181      0.0394       0.0445    185        0.0594
1219268445705812352   15.2556     -0.0419      -0.0475      0.0515       0.0586    184        0.0780
1219274905336624768   15.4733     -0.0447       0.0545      0.0491       0.0621    54        0.0791
1219262089154135424   15.9929     -0.0087       0.0058      0.0957       0.0799    182        0.1247
1219262398391843200   16.2212      0.0186       0.0462      0.1061       0.1022    182        0.1473
1219262192233349120   16.5086     -0.0668       0.0904      0.1512       0.1330    183        0.2014
1219265696926734976   15.6873     -0.0205       0.0263      0.0690       0.0711    181        0.0991
1219267999029221888   15.9037      0.0621      -0.0403      0.0807       0.0785    178        0.1126
1219266212322743936   15.9203     -0.0039      -0.0724      0.0825       0.0802    180        0.1151
1219263875860592384   16.0765      0.0542       0.0008      0.1000       0.0987    182        0.1405
1219262089154135552   16.16      0.0086       0.0395      0.1034       0.0971    178        0.1419
1219262982508309632   16.5311      0.0101       0.0361      0.1529       0.1468    182        0.2120
1219261917355443840   16.7769     -0.0592       0.1326      0.1837       0.1643    176        0.2465
1219262535830888192   16.3048      0.0165       0.0614      0.1105       0.1186    180        0.1621
1219265147170920832   15.8638      0.0348      -0.0108      0.0932       0.0821    179        0.1242
1219264769213794944   15.9448     -0.1024       0.0204      0.0892       0.0921    180        0.1282
1219251953031372800   17.0405      0.0188       0.1037      0.2331       0.2015    170        0.3081
1219263532263218176   16.9608      0.0813      -0.0611      0.2183       0.2018    171        0.2973
1219263016867073920   16.1572      0.0342       0.0851      0.0859       0.0922    174        0.1260
1219252262269020800   16.494      0.0041       0.0771      0.1424       0.1233    178        0.1884
1219267895950005888   16.7965      0.0755      -0.0326      0.1710       0.1607    175        0.2346
1219266968237065856   16.4311     -0.0741       0.0952      0.1502       0.1303    176        0.1989
1219263635342517120   16.5835     -0.1503       0.0440      0.1309       0.1362    174        0.1890
1219265181530659712   16.3926     -0.0078       0.1004      0.1518       0.1447    176        0.2097
1219263360464609920   17.0603      0.0394       0.0121      0.2213       0.2363    168        0.3238
1219265868725429888   16.5675     -0.1135       0.0068      0.1468       0.1579    177        0.2156
1219267101382125184   17.091      0.4376       0.4313      0.6345       0.5214    79        0.8213
1219264494335882880   16.8255      0.0851       0.0756      0.2307       0.1808    156        0.2931
1219265593847519360   16.9414     -0.0477       0.0629      0.2135       0.2164    170        0.3040
1219266555920129408   16.7394     -0.0698       0.0425      0.1921       0.1517    172        0.2448
1219265765646213376   17.2682     -0.1384       0.1229      0.2680       0.2718    154        0.3817
1219267036956540928   17.2337      0.0357      -0.0501      0.2551       0.2511    157        0.3579
1219267689791654656   17.2924     -0.0616      -0.0024      0.2604       0.2537    149        0.3635
1219265525128042240   17.3143     -0.0897       0.0231      0.2734       0.2594    152        0.3768
1219263837204176896   18.0741     -0.2391      -0.2631      0.3842       0.4390    36        0.5834
1219265284609878912   17.1396     -0.0531       0.0787      0.2530       0.2475    151        0.3539
1219267105676020480   17.3136      0.4057       0.3354      0.2701       0.3155    127        0.4153
1219252056110589056   17.51     -0.1249      -0.0811      0.2812       0.3244    101        0.4293
1219266281042221056   17.7601     -0.0331       0.0143      0.3591       0.3593    74        0.5080
1219263291744979712   17.4185     -0.0091      -0.1045      0.2874       0.2846    135        0.4045
1219267861590265472   17.3697      0.1126       0.0361      0.2852       0.3148    148        0.4248
1219263051226812032   18.169      0.3977      -0.6957      0.6095       0.6852    12        0.9171
1219265215890399616   17.5932     -0.0583       0.0658      0.3347       0.3204    90        0.4634
1219266555920129536   17.1612      0.1016       0.0662      0.2595       0.2397    152        0.3533
1219265318969615616   17.5927      0.1450       0.1602      0.3992       0.3725    66        0.5460
1219262772052276224   17.6054      0.1158       0.0039      0.3254       0.3009    100        0.4432
1219269132900583552   18.0526     -0.1616      -0.0745      0.2649       0.2695    9        0.3779
1219262467111411328   17.6542      0.0350       0.0648      0.3816       0.3158    83        0.4954
1219263802844461312   17.9491      0.0093      -0.2468      0.3873       0.5581    10        0.6793
1219262840771756544   18.2664     -0.2811      -0.6808      0.5590       0.4244    13        0.7019
1219252090470329984   17.9733      0.0415      -0.3868      0.3857       0.4326    38        0.5796
1219264185098242944   17.6157      0.0592      -0.1344      0.4137       0.3865    63        0.5661
1219268956805255808   17.8871      0.1201      -0.1007      0.4380       0.4184    31        0.6058
1219268823662932480   17.9023     -0.0462      -0.1601      0.3682       0.4299    46        0.5661
1219268338329946240   17.8732      0.1872       0.0566      0.3946       0.3567    38        0.5319
1219263459247064960   18.2104      0.4012       0.0301      0.4280       0.3769    21        0.5703
1219263665405499136   18.4276      1.0160       0.1135      0.1458       0.3988    4        0.4247
1219264700494316416   17.7645      0.4913      -0.1625      0.2925       0.5582    18        0.6302
1219261711197012736   15.8188     -0.0314       0.0200      0.0685       0.0719    159        0.0993
1219264356896935040   17.9324      0.3038      -0.3433      0.4124       0.3605    17        0.5478
1219267685494906368   18.7691     -0.0159       0.1652      0.3453       0.5665    4        0.6634
1219263115649670272   18.3888     -0.0856      -1.1962      0.6081       0.4987    8        0.7864
1219263429184001664   17.923     -0.3851       0.1840      0.5174       0.4274    31        0.6711
1219266521560391680   17.4014     -0.0267       0.0850      0.2747       0.3168    130        0.4193
1219264661837920384   18.0345      0.5095       0.0094      0.4651       0.5240    12        0.7006
1219264455679486080   18.6123    300.0000     300.0000    100.0000     100.0000    2      141.4214
1219266555920288256   18.2223     -0.4529       0.1909      0.4917       0.5105    23        0.7088
1219263326104871424   18.6822    300.0000     300.0000    100.0000     100.0000    2      141.4214
1219268407049426688   18.0836      0.3442       0.8711      0.3874       0.6339    15        0.7429
1219265834365773696   17.8046      0.0442      -0.0082      0.3876       0.4226    35        0.5734
1219250509922362240   16.7543      0.0760       0.0685      0.1490       0.1409    144        0.2051
1219267105676020096   17.2571     -0.7658      -0.3734      0.2938       0.3489    22        0.4562
1219269029821363072   18.2798     -0.2717       0.9207      0.4819       0.4059    3        0.6301
1219262325375682048   18.2065     -0.2458       0.5776      0.5437       0.3721    16        0.6589
1219251776935998592   18.3672    300.0000     300.0000    100.0000     100.0000    2      141.4214
1219266998300137856   19.1133    300.0000     300.0000    100.0000     100.0000    1      141.4214
1219264146441837056   19.0341    300.0000     300.0000    100.0000     100.0000    1      141.4214
1219266521560391808   14.0725      0.0009      -0.0274      0.0185       0.0203    121        0.0275
1219261711197012864   18.2595      0.6375      -0.7518      0.5837       0.5605    7        0.8092
1219250406843243776   17.8039      0.1337      -0.2010      0.3858       0.3842    38        0.5445
1219263115649673728   18.2967     -0.1670       0.2761      0.5701       0.4328    12        0.7158
1219267376257262720   18.3183      0.2981      -0.3634      0.5292       0.3647    15        0.6427
1219252021750851584   19.0106    300.0000     300.0000    100.0000     100.0000    1      141.4214
1219268613207862144   19.8933    300.0000     300.0000    100.0000     100.0000    1      141.4214
1219263974645217920   18.2247    300.0000     300.0000    100.0000     100.0000    2      141.4214
1219266482904050432   19.1897    300.0000     300.0000    100.0000     100.0000    1      141.4214
1219266452840913664   18.621    300.0000     300.0000    100.0000     100.0000    1      141.4214
1219266555921014016   19.0429    300.0000     300.0000    100.0000     100.0000    1      141.4214
1219261848635965696   19.0391    300.0000     300.0000    100.0000     100.0000    1      141.4214
1219238479717228032   18.5753    300.0000     300.0000    100.0000     100.0000    1      141.4214
1219268407049427840   18.9968    300.0000     300.0000    100.0000     100.0000    1      141.4214
1219264112082091392   18.5845    300.0000     300.0000    100.0000     100.0000    1      141.4214
1219266212320876800   20.8559    300.0000     300.0000    100.0000     100.0000    1      141.4214
1219266624639755520   18.6053    300.0000     300.0000    100.0000     100.0000    1      141.4214
