64.0    64.0    0.0474    0.8600
192.0    64.0    0.1412    0.8112
320.0    64.0    0.2271    0.7583
448.0    64.0    0.3053    0.7014
576.0    64.0    0.3762    0.6407
704.0    64.0    0.4401    0.5761
832.0    64.0    0.4974    0.5079
960.0    64.0    0.5483    0.4360
1088.0    64.0    0.5933    0.3606
1216.0    64.0    0.6327    0.2817
1344.0    64.0    0.6668    0.1995
1472.0    64.0    0.6959    0.1139
1600.0    64.0    0.7204    0.0252
1728.0    64.0    0.7407    -0.0667
1856.0    64.0    0.7571    -0.1617
1984.0    64.0    0.7698    -0.2596
64.0    192.0    -0.0196    0.7920
192.0    192.0    0.0724    0.7423
320.0    192.0    0.1563    0.6891
448.0    192.0    0.2325    0.6324
576.0    192.0    0.3014    0.5725
704.0    192.0    0.3631    0.5094
832.0    192.0    0.4182    0.4431
960.0    192.0    0.4669    0.3737
1088.0    192.0    0.5095    0.3014
1216.0    192.0    0.5464    0.2262
1344.0    192.0    0.5780    0.1481
1472.0    192.0    0.6046    0.0674
1600.0    192.0    0.6265    -0.0161
1728.0    192.0    0.6441    -0.1020
1856.0    192.0    0.6577    -0.1905
1984.0    192.0    0.6676    -0.2813
64.0    320.0    -0.0838    0.7269
192.0    320.0    0.0068    0.6759
320.0    320.0    0.0892    0.6220
448.0    320.0    0.1638    0.5653
576.0    320.0    0.2310    0.5059
704.0    320.0    0.2910    0.4438
832.0    320.0    0.3442    0.3791
960.0    320.0    0.3910    0.3119
1088.0    320.0    0.4317    0.2423
1216.0    320.0    0.4666    0.1704
1344.0    320.0    0.4961    0.0962
1472.0    320.0    0.5205    0.0199
1600.0    320.0    0.5402    -0.0585
1728.0    320.0    0.5554    -0.1389
1856.0    320.0    0.5666    -0.2212
1984.0    320.0    0.5741    -0.3054
64.0    448.0    -0.1459    0.6650
192.0    448.0    -0.0564    0.6125
320.0    448.0    0.0249    0.5576
448.0    448.0    0.0983    0.5004
576.0    448.0    0.1642    0.4411
704.0    448.0    0.2229    0.3797
832.0    448.0    0.2747    0.3163
960.0    448.0    0.3200    0.2509
1088.0    448.0    0.3591    0.1837
1216.0    448.0    0.3924    0.1147
1344.0    448.0    0.4202    0.0441
1472.0    448.0    0.4429    -0.0281
1600.0    448.0    0.4607    -0.1019
1728.0    448.0    0.4740    -0.1771
1856.0    448.0    0.4832    -0.2536
1984.0    448.0    0.4886    -0.3314
64.0    576.0    -0.2067    0.6067
192.0    576.0    -0.1178    0.5522
320.0    576.0    -0.0373    0.4960
448.0    576.0    0.0353    0.4380
576.0    576.0    0.1003    0.3785
704.0    576.0    0.1581    0.3174
832.0    576.0    0.2089    0.2549
960.0    576.0    0.2531    0.1911
1088.0    576.0    0.2910    0.1259
1216.0    576.0    0.3231    0.0596
1344.0    576.0    0.3496    -0.0079
1472.0    576.0    0.3708    -0.0764
1600.0    576.0    0.3872    -0.1458
1728.0    576.0    0.3990    -0.2161
1856.0    576.0    0.4067    -0.2872
1984.0    576.0    0.4104    -0.3589
64.0    704.0    -0.2669    0.5523
192.0    704.0    -0.1783    0.4955
320.0    704.0    -0.0981    0.4376
448.0    704.0    -0.0259    0.3786
576.0    704.0    0.0386    0.3185
704.0    704.0    0.0957    0.2574
832.0    704.0    0.1459    0.1955
960.0    704.0    0.1894    0.1327
1088.0    704.0    0.2266    0.0693
1216.0    704.0    0.2578    0.0052
1344.0    704.0    0.2834    -0.0594
1472.0    704.0    0.3037    -0.1245
1600.0    704.0    0.3190    -0.1899
1728.0    704.0    0.3297    -0.2557
1856.0    704.0    0.3362    -0.3217
1984.0    704.0    0.3386    -0.3878
64.0    832.0    -0.3274    0.5021
192.0    832.0    -0.2387    0.4428
320.0    832.0    -0.1585    0.3828
448.0    832.0    -0.0863    0.3223
576.0    832.0    -0.0219    0.2613
704.0    832.0    0.0352    0.1999
832.0    832.0    0.0851    0.1382
960.0    832.0    0.1283    0.0762
1088.0    832.0    0.1651    0.0141
1216.0    832.0    0.1959    -0.0480
1344.0    832.0    0.2210    -0.1101
1472.0    832.0    0.2407    -0.1721
1600.0    832.0    0.2553    -0.2340
1728.0    832.0    0.2653    -0.2955
1856.0    832.0    0.2709    -0.3567
1984.0    832.0    0.2725    -0.4175
64.0    960.0    -0.3890    0.4566
192.0    960.0    -0.2997    0.3943
320.0    960.0    -0.2190    0.3319
448.0    960.0    -0.1465    0.2696
576.0    960.0    -0.0817    0.2073
704.0    960.0    -0.0245    0.1452
832.0    960.0    0.0256    0.0834
960.0    960.0    0.0689    0.0219
1088.0    960.0    0.1058    -0.0392
1216.0    960.0    0.1365    -0.0997
1344.0    960.0    0.1614    -0.1597
1472.0    960.0    0.1810    -0.2190
1600.0    960.0    0.1954    -0.2775
1728.0    960.0    0.2050    -0.3353
1856.0    960.0    0.2102    -0.3920
1984.0    960.0    0.2114    -0.4478
64.0    1088.0    -0.4523    0.4160
192.0    1088.0    -0.3622    0.3504
320.0    1088.0    -0.2806    0.2853
448.0    1088.0    -0.2073    0.2208
576.0    1088.0    -0.1418    0.1569
704.0    1088.0    -0.0839    0.0938
832.0    1088.0    -0.0333    0.0315
960.0    1088.0    0.0105    -0.0299
1088.0    1088.0    0.0478    -0.0903
1216.0    1088.0    0.0789    -0.1496
1344.0    1088.0    0.1041    -0.2078
1472.0    1088.0    0.1238    -0.2647
1600.0    1088.0    0.1383    -0.3203
1728.0    1088.0    0.1480    -0.3745
1856.0    1088.0    0.1532    -0.4272
1984.0    1088.0    0.1543    -0.4784
64.0    1216.0    -0.5182    0.3806
192.0    1216.0    -0.4268    0.3114
320.0    1216.0    -0.3439    0.2432
448.0    1216.0    -0.2695    0.1762
576.0    1216.0    -0.2029    0.1104
704.0    1216.0    -0.1440    0.0459
832.0    1216.0    -0.0924    -0.0172
960.0    1216.0    -0.0477    -0.0788
1088.0    1216.0    -0.0096    -0.1389
1216.0    1216.0    0.0222    -0.1973
1344.0    1216.0    0.0481    -0.2540
1472.0    1216.0    0.0684    -0.3089
1600.0    1216.0    0.0835    -0.3619
1728.0    1216.0    0.0936    -0.4130
1856.0    1216.0    0.0992    -0.4620
1984.0    1216.0    0.1006    -0.5088
64.0    1344.0    -0.5875    0.3509
192.0    1344.0    -0.4943    0.2777
320.0    1344.0    -0.4099    0.2061
448.0    1344.0    -0.3338    0.1363
576.0    1344.0    -0.2658    0.0682
704.0    1344.0    -0.2054    0.0020
832.0    1344.0    -0.1525    -0.0623
960.0    1344.0    -0.1065    -0.1245
1088.0    1344.0    -0.0672    -0.1846
1216.0    1344.0    -0.0343    -0.2425
1344.0    1344.0    -0.0073    -0.2981
1472.0    1344.0    0.0140    -0.3513
1600.0    1344.0    0.0300    -0.4021
1728.0    1344.0    0.0410    -0.4503
1856.0    1344.0    0.0474    -0.4959
1984.0    1344.0    0.0495    -0.5388
64.0    1472.0    -0.6608    0.3272
192.0    1472.0    -0.5656    0.2496
320.0    1472.0    -0.4791    0.1743
448.0    1472.0    -0.4011    0.1012
576.0    1472.0    -0.3312    0.0305
704.0    1472.0    -0.2690    -0.0378
832.0    1472.0    -0.2143    -0.1035
960.0    1472.0    -0.1667    -0.1667
1088.0    1472.0    -0.1258    -0.2271
1216.0    1472.0    -0.0913    -0.2848
1344.0    1472.0    -0.0628    -0.3396
1472.0    1472.0    -0.0402    -0.3915
1600.0    1472.0    -0.0228    -0.4404
1728.0    1472.0    -0.0106    -0.4861
1856.0    1472.0    -0.0030    -0.5287
1984.0    1472.0    0.0002    -0.5680
64.0    1600.0    -0.7391    0.3097
192.0    1600.0    -0.6414    0.2275
320.0    1600.0    -0.5525    0.1481
448.0    1600.0    -0.4721    0.0714
576.0    1600.0    -0.3999    -0.0022
704.0    1600.0    -0.3355    -0.0729
832.0    1600.0    -0.2786    -0.1405
960.0    1600.0    -0.2289    -0.2049
1088.0    1600.0    -0.1860    -0.2661
1216.0    1600.0    -0.1496    -0.3239
1344.0    1600.0    -0.1193    -0.3783
1472.0    1600.0    -0.0949    -0.4292
1600.0    1600.0    -0.0758    -0.4765
1728.0    1600.0    -0.0619    -0.5202
1856.0    1600.0    -0.0528    -0.5600
1984.0    1600.0    -0.0481    -0.5961
64.0    1728.0    -0.8231    0.2989
192.0    1728.0    -0.7224    0.2117
320.0    1728.0    -0.6307    0.1278
448.0    1728.0    -0.5476    0.0473
576.0    1728.0    -0.4727    -0.0297
704.0    1728.0    -0.4057    -0.1032
832.0    1728.0    -0.3463    -0.1730
960.0    1728.0    -0.2941    -0.2390
1088.0    1728.0    -0.2488    -0.3012
1216.0    1728.0    -0.2101    -0.3595
1344.0    1728.0    -0.1776    -0.4138
1472.0    1728.0    -0.1509    -0.4641
1600.0    1728.0    -0.1298    -0.5102
1728.0    1728.0    -0.1138    -0.5520
1856.0    1728.0    -0.1027    -0.5896
1984.0    1728.0    -0.0961    -0.6227
64.0    1856.0    -0.9135    0.2951
192.0    1856.0    -0.8095    0.2025
320.0    1856.0    -0.7146    0.1138
448.0    1856.0    -0.6283    0.0291
576.0    1856.0    -0.5504    -0.0516
704.0    1856.0    -0.4804    -0.1281
832.0    1856.0    -0.4180    -0.2005
960.0    1856.0    -0.3630    -0.2685
1088.0    1856.0    -0.3149    -0.3321
1216.0    1856.0    -0.2734    -0.3912
1344.0    1856.0    -0.2383    -0.4458
1472.0    1856.0    -0.2090    -0.4957
1600.0    1856.0    -0.1854    -0.5410
1728.0    1856.0    -0.1670    -0.5814
1856.0    1856.0    -0.1535    -0.6169
1984.0    1856.0    -0.1446    -0.6475
64.0    1984.0    -1.0111    0.2986
192.0    1984.0    -0.9035    0.2003
320.0    1984.0    -0.8049    0.1065
448.0    1984.0    -0.7151    0.0172
576.0    1984.0    -0.6337    -0.0675
704.0    1984.0    -0.5603    -0.1475
832.0    1984.0    -0.4946    -0.2227
960.0    1984.0    -0.4363    -0.2930
1088.0    1984.0    -0.3850    -0.3584
1216.0    1984.0    -0.3405    -0.4187
1344.0    1984.0    -0.3022    -0.4739
1472.0    1984.0    -0.2700    -0.5239
1600.0    1984.0    -0.2435    -0.5686
1728.0    1984.0    -0.2223    -0.6079
1856.0    1984.0    -0.2060    -0.6418
1984.0    1984.0    -0.1945    -0.6701
