16  16
    0.0474    0.1412    0.2271    0.3053    0.3762    0.4401    0.4974    0.5483    0.5933    0.6327    0.6668    0.6959    0.7204    0.7407    0.7571    0.7698
   -0.0196    0.0724    0.1563    0.2325    0.3014    0.3631    0.4182    0.4669    0.5095    0.5464    0.5780    0.6046    0.6265    0.6441    0.6577    0.6676
   -0.0838    0.0068    0.0892    0.1638    0.2310    0.2910    0.3442    0.3910    0.4317    0.4666    0.4961    0.5205    0.5402    0.5554    0.5666    0.5741
   -0.1459   -0.0564    0.0249    0.0983    0.1642    0.2229    0.2747    0.3200    0.3591    0.3924    0.4202    0.4429    0.4607    0.4740    0.4832    0.4886
   -0.2067   -0.1178   -0.0373    0.0353    0.1003    0.1581    0.2089    0.2531    0.2910    0.3231    0.3496    0.3708    0.3872    0.3990    0.4067    0.4104
   -0.2669   -0.1783   -0.0981   -0.0259    0.0386    0.0957    0.1459    0.1894    0.2266    0.2578    0.2834    0.3037    0.3190    0.3297    0.3362    0.3386
   -0.3274   -0.2387   -0.1585   -0.0863   -0.0219    0.0352    0.0851    0.1283    0.1651    0.1959    0.2210    0.2407    0.2553    0.2653    0.2709    0.2725
   -0.3890   -0.2997   -0.2190   -0.1465   -0.0817   -0.0245    0.0256    0.0689    0.1058    0.1365    0.1614    0.1810    0.1954    0.2050    0.2102    0.2114
   -0.4523   -0.3622   -0.2806   -0.2073   -0.1418   -0.0839   -0.0333    0.0105    0.0478    0.0789    0.1041    0.1238    0.1383    0.1480    0.1532    0.1543
   -0.5182   -0.4268   -0.3439   -0.2695   -0.2029   -0.1440   -0.0924   -0.0477   -0.0096    0.0222    0.0481    0.0684    0.0835    0.0936    0.0992    0.1006
   -0.5875   -0.4943   -0.4099   -0.3338   -0.2658   -0.2054   -0.1525   -0.1065   -0.0672   -0.0343   -0.0073    0.0140    0.0300    0.0410    0.0474    0.0495
   -0.6608   -0.5656   -0.4791   -0.4011   -0.3312   -0.2690   -0.2143   -0.1667   -0.1258   -0.0913   -0.0628   -0.0402   -0.0228   -0.0106   -0.0030    0.0002
   -0.7391   -0.6414   -0.5525   -0.4721   -0.3999   -0.3355   -0.2786   -0.2289   -0.1860   -0.1496   -0.1193   -0.0949   -0.0758   -0.0619   -0.0528   -0.0481
   -0.8231   -0.7224   -0.6307   -0.5476   -0.4727   -0.4057   -0.3463   -0.2941   -0.2488   -0.2101   -0.1776   -0.1509   -0.1298   -0.1138   -0.1027   -0.0961
   -0.9135   -0.8095   -0.7146   -0.6283   -0.5504   -0.4804   -0.4180   -0.3630   -0.3149   -0.2734   -0.2383   -0.2090   -0.1854   -0.1670   -0.1535   -0.1446
   -1.0111   -0.9035   -0.8049   -0.7151   -0.6337   -0.5603   -0.4946   -0.4363   -0.3850   -0.3405   -0.3022   -0.2700   -0.2435   -0.2223   -0.2060   -0.1945

    0.8600    0.8112    0.7583    0.7014    0.6407    0.5761    0.5079    0.4360    0.3606    0.2817    0.1995    0.1139    0.0252   -0.0667   -0.1617   -0.2596
    0.7920    0.7423    0.6891    0.6324    0.5725    0.5094    0.4431    0.3737    0.3014    0.2262    0.1481    0.0674   -0.0161   -0.1020   -0.1905   -0.2813
    0.7269    0.6759    0.6220    0.5653    0.5059    0.4438    0.3791    0.3119    0.2423    0.1704    0.0962    0.0199   -0.0585   -0.1389   -0.2212   -0.3054
    0.6650    0.6125    0.5576    0.5004    0.4411    0.3797    0.3163    0.2509    0.1837    0.1147    0.0441   -0.0281   -0.1019   -0.1771   -0.2536   -0.3314
    0.6067    0.5522    0.4960    0.4380    0.3785    0.3174    0.2549    0.1911    0.1259    0.0596   -0.0079   -0.0764   -0.1458   -0.2161   -0.2872   -0.3589
    0.5523    0.4955    0.4376    0.3786    0.3185    0.2574    0.1955    0.1327    0.0693    0.0052   -0.0594   -0.1245   -0.1899   -0.2557   -0.3217   -0.3878
    0.5021    0.4428    0.3828    0.3223    0.2613    0.1999    0.1382    0.0762    0.0141   -0.0480   -0.1101   -0.1721   -0.2340   -0.2955   -0.3567   -0.4175
    0.4566    0.3943    0.3319    0.2696    0.2073    0.1452    0.0834    0.0219   -0.0392   -0.0997   -0.1597   -0.2190   -0.2775   -0.3353   -0.3920   -0.4478
    0.4160    0.3504    0.2853    0.2208    0.1569    0.0938    0.0315   -0.0299   -0.0903   -0.1496   -0.2078   -0.2647   -0.3203   -0.3745   -0.4272   -0.4784
    0.3806    0.3114    0.2432    0.1762    0.1104    0.0459   -0.0172   -0.0788   -0.1389   -0.1973   -0.2540   -0.3089   -0.3619   -0.4130   -0.4620   -0.5088
    0.3509    0.2777    0.2061    0.1363    0.0682    0.0020   -0.0623   -0.1245   -0.1846   -0.2425   -0.2981   -0.3513   -0.4021   -0.4503   -0.4959   -0.5388
    0.3272    0.2496    0.1743    0.1012    0.0305   -0.0378   -0.1035   -0.1667   -0.2271   -0.2848   -0.3396   -0.3915   -0.4404   -0.4861   -0.5287   -0.5680
    0.3097    0.2275    0.1481    0.0714   -0.0022   -0.0729   -0.1405   -0.2049   -0.2661   -0.3239   -0.3783   -0.4292   -0.4765   -0.5202   -0.5600   -0.5961
    0.2989    0.2117    0.1278    0.0473   -0.0297   -0.1032   -0.1730   -0.2390   -0.3012   -0.3595   -0.4138   -0.4641   -0.5102   -0.5520   -0.5896   -0.6227
    0.2951    0.2025    0.1138    0.0291   -0.0516   -0.1281   -0.2005   -0.2685   -0.3321   -0.3912   -0.4458   -0.4957   -0.5410   -0.5814   -0.6169   -0.6475
    0.2986    0.2003    0.1065    0.0172   -0.0675   -0.1475   -0.2227   -0.2930   -0.3584   -0.4187   -0.4739   -0.5239   -0.5686   -0.6079   -0.6418   -0.6701
